intrinsic:
1422.392657390206 0.0 966.489082124398 
0.0 1422.6611660815709 534.1740143587975 
0.0 0.0 1.0 
distortion:
0.03618136988971302 -0.01505245065735325 -0.0006118962522464938 -0.0012799994600294303 -0.10374525867862963 
