intrinsic:
1403.5560764623492 0.0 955.115656063745 
0.0 1404.830787015755 542.6467350454939 
0.0 0.0 1.0 
distortion:
0.059943853080391435 -0.09449801861281201 -0.000339604376652956 -0.0008648781334691029 0.01652908856606341 
